0.102393
0.102393
0.0906344
0.0906344
0.0906344
0
0
0
0
0
0
0
0.0273052
0.0273052
0.0273052
0.0356631
0.0356631
0.0356631
0.0252177
0.0252177
0.0252177
0
0
0
0.0252177
0.0252177
0.0252177
0.0777119
0.117444
0.13748
0.127592
0.124035
0.119649
0.0914249
0.0624695
0.0385242
0.0215854
0.00759222
0.00759222
0.0215854
0.0385242
0.0624695
0.0914249
0.0950876
0.0942809
0.109305
0.0984899
0.0723102
0.0273052
0
0
0
0
0
0
0
0
0
0
0
0.0273052
0.0273052
0.0273052
0.0183417
0.0183417
0.0183417
0.0183417
0.0183417
0.0183417
0.0273052
0.0273052
0.0273052
0
0
0
0
0
0
0
0
0
0
0
0
0
0
0
0
0
0
0
0
0
0
0
0
0
0
0
0
0
0
0
0
0
0
0
0
0
0
0
0
0
0.0273052
0.0273052
0.0273052
0.0183417
0.0183417
0.0183417
0.0183417
0.0183417
0.0183417
0.0273052
0.0273052
0.0273052
0
0
0
0
0
0
0.0273052
0.0273052
0.0273052
0.0183417
0.0183417
0.0723102
0.0747143
0.0883848
0.0942809
0.0639829
0.0629317
0.0619406
0.0483966
0.0271201
0.00951303
0.00759222
0.00921649
0.019207
0.0367864
0.0619406
0.0766965
0.119649
0.124035
0.124035
0.13748
0.117444
0.1
0.033833
0.0252177
0.0252177
0.0166378
0.0252177
0.0252177
0.0344464
0.0356631
0.0356631
0.0540541
0.069843
0.069843
0.0540541
0.0183417
0.0183417
0.0183417
0.0344464
0.0344464
0.0344464
0.0344464
0.0344464
0.0183417
0.0183417
0.0183417
0.0540541
0.069843
0.0854531
0.110587
0.0984899
0.10444
0.0920634
0.0934077
0.0766965
0.0434795
0.0342929
0.0120331
0.00701646
0.0120331
0.0342929
0.0434795
0.0766965
0.0934077
0.054392
0.0890206
0.0753077
0.0747143
0.051131
0.0344464
0.0183417
0.0183417
0.0183417
0.0273052
0.0273052
0.0273052
0
0
0
0
0
0
0
0
0
0
0
0
0
0
0
0
0
0
0
0
0
0
0
0
0
0.0273052
0.0273052
0.0519875
0.0356631
0.0723102
0.051131
0.0252177
0.0464991
0.0287183
0.0217571
0.0251876
0.0251876
0.0274721
0.0251876
0.0148191
0.0240946
0.0148191
0.0251876
0.0274721
0.0217571
0.0404796
0.0570782
0.0252177
0.051131
0.0356631
0.0356631
0.0519875
0.0273052
0.0273052
0
0
0
0.0273052
0.0273052
0.0273052
0.0363097
0.0363097
0.0363097
0.0540541
0.0525226
0.0911922
0.109023
0.098773
0.0984899
0.0516798
0.0461538
0.0421637
0.0421637
0.0142044
0.0150372
0.0251101
0.0421637
0.0620174
0.0836769
0.0753077
0.0825962
0.0877058
0.0723102
0.0519875
0.0273052
0.0273052
0
0
0
0
0
0
0
0
0
0
0
0
0
0
0
0
0
0
0
0
0
0
0
0
0
0
0
0
0
0
0
0
0
0
0
0
0
0
0
0
0.0273052
0.0723102
0.0877058
0.0984899
0.0826898
0.0921307
0.0920634
0.0496856
0.0392232
0.0260535
0.0107927
0.0153393
0.0260535
0.0332635
0.0549442
0.0572598
0.054392
0.0836769
0.0826898
0.0747143
0.0723102
0.0356631
