0      185
1      185
2      185
3      185
4      186
5      186
6      186
7      187
8      187
9      187
10      187
11      188
12      188
13      188
14      189
15      189
16      189
17      189
18      190
19      190
20      191
21      191
22      192
23      192
24      193
25      193
26      194
27      194
28      194
29      195
30      195
31      196
32      196
33      196
34      197
35      197
36      197
37      198
38      185
39      185
40      185
41      185
42      185
43      185
44      185
45      185
46      185
47      185
48      185
49      185
50      185
51      185
52      185
53      185
54      185
55      185
56      185
57      185
58      185
59      185
60      185
61      186
62      186
63      186
64      186
65      186
66      186
67      186
68      186
69      186
70      186
71      187
72      186
73      186
74      186
75      186
76      186
77      186
78      186
79      186
80      186
81      186
82      186
83      186
84      186
85      186
86      186
87      186
88      186
89      186
90      186
91      187
92      187
93      187
94      186
95      186
96      186
97      186
98      186
99      186
100      186
101      186
102      186
103      186
104      186
105      186
106      186
107      186
108      186
109      186
110      186
111      186
112      186
113      186
114      186
115      186
116      186
117      186
118      186
119      186
120      186
121      186
122      186
123      186
124      185
125      185
126      185
127      185
128      185
129      185
130      185
131      185
132      185
133      185
134      185
135      186
136      186
137      186
138      186
139      186
140      186
141      186
142      186
143      186
144      186
145      186
146      186
147      196
148      196
149      196
150      196
151      196
152      195
153      195
154      195
155      195
156      193
157      193
158      193
159      192
160      192
161      192
162      191
163      190
164      190
165      190
166      189
167      189
168      189
169      188
170      188
171      188
172      187
173      187
174      187
175      186
176      186
177      186
178      185
179      185
180      185
181      184
182      184
183      183
184      183
185      183
186      182
187      182
188      182
189      181
190      181
191      181
192      180
193      180
194      180
195      183
196      183
197      183
198      183
199      183
200      183
201      183
202      183
203      183
204      183
205      183
206      183
207      183
208      183
209      183
210      183
211      183
212      183
213      183
214      183
215      183
216      183
217      183
218      183
219      183
220      183
221      183
222      182
223      182
224      182
225      182
226      182
227      182
228      182
229      182
230      182
231      182
232      182
233      182
234      182
235      182
236      182
237      182
238      182
239      182
240      182
241      181
242      181
243      181
244      181
245      181
246      180
247      180
248      177
249      177
250      177
251      177
252      177
253      177
254      177
255      177
256      173
257      173
258      173
259      172
260      172
261      172
262      172
263      172
264      172
265      173
266      172
267      172
268      172
269      173
270      173
271      172
272      172
273      172
274      172
275      171
276      172
277      172
278      172
279      172
280      172
281      172
282      173
283      173
284      173
285      174
286      178
287      182
288      182
289      182
290      183
291      183
292      183
293      180
294      183
295      183
296      183
297      183
298      183
299      183
300      183
301      183
302      183
303      183
304      183
305      183
306      183
307      183
308      183
309      183
310      183
311      183
312      183
313      183
314      183
315      183
316      183
317      183
318      183
319      183
320      183
321      183
322      183
323      183
324      183
325      183
326      183
327      183
328      183
329      183
330      183
331      184
332      184
333      184
334      184
335      184
336      184
337      184
338      184
339      184
340      184
341      184
342      184
343      184
344      184
345      184
346      184
347      184
348      184
349      182
350      182
351      182
352      182
353      182
354      183
355      183
356      183
357      184
358      184
359      184
